          Donor.country        Spec2        Spec3        Spec4        Spec5        Spec6
1             Argentina 0.0086654279 0.0002254687           NA           NA 0.0003352226
2             Australia 0.0002659610 0.0867473925 0.0010018031 0.0006500680 0.0001584427
3               Austria 0.0000014005 0.0033262329 0.2741632393 0.0009139050 0.0010694603
4               Bahamas           NA 0.0000133853 0.2055172466           NA 0.1493088409
5               Bahrain           NA 0.0000042013           NA           NA 0.0000543388
6              Barbados           NA 0.0001317592           NA           NA 0.0000750165
7               Belgium 0.1393665214 0.0002299788 0.1627896760 0.1231826269 0.1324621689
8              Botswana 0.0023968762 0.0001937937           NA           NA 0.0000852874
9                Brazil 0.0007254227 0.0001846776           NA           NA 0.0001343078
10               Brunei           NA 0.0014508115 0.0005750555           NA 0.0303420249
11               Canada 0.0002893128 0.0000512157 0.0016376187 0.0012595029 0.0002144844
12                Chile 0.0001909657 0.0000987322           NA           NA 0.0000840560
13               Cyprus 0.0003632417 0.0106973529 0.0004619875           NA 0.0001110411
14               France 0.2372906446 0.0002175148 0.0071848986 0.3528261920 0.0381051679
15                Gabon 0.0007551371 0.0000565074           NA           NA 0.0001610486
16              Germany 0.2072566956 0.2155504735 0.0015035111 0.0990561839 0.0500996193
17               Greece 0.0003083340 0.0015612036 0.0008065256 0.0011887081 0.0002273682
18            Hong Kong           NA 0.0834423215 0.0002886353           NA 0.0000757430
19              Hungary           NA 0.0001024471 0.0002288577 0.0000335471 0.0000070376
20              Iceland           NA 0.0000635910 0.0003905930 0.0000258011 0.0001265808
21              Ireland 0.0002234189 0.0009789425 0.0007937498 0.0008863235 0.0002101079
22               Israel 0.0003765027 0.0003918227 0.0009684942           NA 0.0001047246
23                Italy 0.1025409110 0.0022697555 0.0056403832 0.0181480821 0.0012285431
24                Japan 0.1785331399 0.0001398643 0.1987795882 0.3293076296 0.0007931804
25               Kuwait           NA 0.0000139299 0.0004991330           NA 0.0000521934
26              Lebanon 0.0003956606 0.0001324573           NA           NA 0.0000511090
27                Libya           NA 0.2341534950           NA           NA 0.1394462536
28           Luxembourg 0.0353769712 0.0479414059 0.0677868483 0.0658787840 0.1734753814
29                Macao           NA 0.1776615127 0.0000538307           NA 0.0001045272
30             Malaysia 0.0043597368 0.0002651095           NA           NA 0.0000766133
31                Malta           NA 0.0000890645           NA           NA 0.0000566468
32            Mauritius 0.0007735968 0.0002703565           NA           NA 0.0001336204
33               Mexico 0.0007681483 0.0013599914 0.0000335991 0.0000144454 0.0001712557
34          New Zealand 0.0002122983 0.0000016976 0.0005688429 0.0003614626 0.0001347683
35                 Oman           NA 0.0000452637           NA           NA 0.0001154479
36               Panama 0.0001751250 0.0001607271           NA           NA 0.0000669717
37               Poland 0.0025954273 0.0966711019 0.0400302808 0.0001089204 0.2070158711
38             Portugal 0.0058850132 0.0016286926 0.0007190220 0.0020503343 0.0001953429
39                Qatar           NA 0.0000079080 0.0008009484           NA 0.0000309141
40         Saudi Arabia 0.0390438069 0.0229888159           NA           NA 0.0002445256
41            Singapore 0.0001678156 0.0000297610 0.0000200337           NA 0.0001109975
42         South Africa 0.0200514380 0.0000667331           NA           NA 0.0002037167
43          South Korea 0.0001596678 0.0000879058 0.0214738423 0.0000817966 0.0001309427
44                Spain 0.0007679808 0.0003053536 0.0015350033 0.0027283547 0.0137214071
45          Switzerland 0.0002552406 0.0003324098 0.0000722531 0.0000188522 0.0008763400
46    Trinidad & Tobago 0.0002654382 0.0066642680           NA           NA 0.0453589089
47               Turkey 0.0003148396 0.0005158062 0.0001090848 0.0000000038 0.0001674568
48 United Arab Emirates           NA 0.0000000524 0.0014177883           NA 0.0000853792
49        United States 0.0004499488 0.0000917623 0.0021476257 0.0012784758 0.0002182457
50              Uruguay 0.0018996179 0.0003194993           NA           NA 0.0121190918
51            Venezuela 0.0065323146 0.0000654731           NA           NA 0.0000622579
          Spec7        Spec8        Spec9       Spec10       Spec11       Spec12       Spec13
1            NA           NA 0.0003859182           NA           NA 0.0026587457           NA
2  0.0002285467 0.0000450867 0.0001655151 0.0003050253 0.0000167329 0.0010921679 0.0000105088
3  0.2256353241 0.0000614141 0.0005550602 0.2409415948 0.0001017204 0.0022972289 0.2740497025
4  0.1732475777           NA 0.1418933470 0.1549530434           NA 0.1816704519 0.2169144311
5            NA           NA 0.0000570980           NA           NA 0.0003561124           NA
6            NA           NA 0.0001317966           NA           NA 0.0009689011           NA
7  0.0966248354 0.1557253591 0.1297594395 0.0442023990 0.1406436422 0.1781138568 0.1757370629
8            NA           NA 0.0001014275           NA           NA 0.0017866071           NA
9            NA           NA 0.0001440832           NA           NA 0.0020447964           NA
10 0.0132517492           NA 0.0459678328 0.0248457690           NA 0.0109148992 0.0015495505
11 0.0003473768 0.0000545998 0.0002344220 0.0004689657 0.0000227664 0.0016289268 0.0000380744
12           NA           NA 0.0000858857           NA           NA 0.0013451840           NA
13 0.0001695672           NA 0.0001421204 0.0002300989           NA 0.0017123483 0.0000439963
14 0.0019392577 0.1920086609 0.0169440579 0.0041591571 0.1726325185 0.0021776876 0.0001957873
15           NA           NA 0.0001491634           NA           NA 0.0022080660           NA
16 0.0000000041 0.1739937278 0.0188176047 0.0010562688 0.1549683598 0.0015346094 0.0002723931
17 0.0003701810 0.0000441055 0.0002660655 0.0005064474 0.0000248859 0.0017746291 0.0000602971
18 0.0001116030           NA 0.0000903881 0.0002161161           NA 0.0012676084 0.0000322051
19 0.0000356357 0.0000001116 0.0000004127 0.0003425032 0.0000000170 0.0012234309 0.0000120048
20 0.0001596201 0.0000459427 0.0001075171 0.0001100214 0.0000151706 0.0011069522 0.0000025470
21 0.0002983221 0.0000418092 0.0002383975 0.0002962270 0.0000190868 0.0013794961 0.0000151794
22 0.0001821215           NA 0.0001192025 0.0003233967           NA 0.0020350545 0.0000844501
23 0.0138883522 0.0672427115 0.0021388179 0.0080631614 0.1312615863 0.0031432052 0.0007072098
24 0.1810336548 0.2192963056 0.0013815140 0.2907860452 0.2424133236 0.0097483592 0.1831463300
25 0.0000706235           NA 0.0000136367 0.0000945374           NA 0.0003497433 0.0000104562
26           NA           NA 0.0000552365           NA           NA 0.0013286186           NA
27           NA           NA 0.2024087258           NA           NA 0.1892953974           NA
28 0.1902062432 0.1896119756 0.1452048961 0.1588626680 0.1577060701 0.0433187869 0.0689834554
29 0.0001481248           NA 0.0001224463 0.0001228397           NA 0.0015706422 0.0000319591
30           NA           NA 0.0000002816           NA           NA 0.0046722145           NA
31           NA           NA 0.0000352317           NA           NA 0.0007209617           NA
32           NA           NA 0.0001485946           NA           NA 0.0020926632           NA
33 0.0002243098 0.0000376890 0.0002052467 0.0002581764 0.0000152188 0.0018157715 0.0000401469
34 0.0002099159 0.0000244222 0.0001548858 0.0003187646 0.0000125551 0.0013042505 0.0000225768
35           NA           NA 0.0001340699           NA           NA 0.0012946989           NA
36           NA           NA 0.0001111457           NA           NA 0.0017346393           NA
37 0.0940028643 0.0015095017 0.1741561887 0.0629399765 0.0000154932 0.2184264224 0.0367018473
38 0.0003314319 0.0000974606 0.0002366149 0.0005534015 0.0000239418 0.0019997992 0.0000593781
39 0.0000593428           NA 0.0000828136 0.0004984621           NA 0.0013556882 0.0000757847
40           NA           NA 0.0008124610           NA           NA 0.0061380114           NA
41 0.0001071869           NA 0.0001105054 0.0000431148           NA 0.0009327216 0.0000027043
42           NA           NA 0.0001926541           NA           NA 0.0017279777           NA
43 0.0003136855 0.0000011760 0.0000765289 0.0000055958 0.0000189625 0.0021787164 0.0404104625
44 0.0053211966 0.0000035773 0.0118668333 0.0025057336 0.0000364617 0.0339044344 0.0001645454
45 0.0005087363 0.0000726569 0.0009755255 0.0004347799 0.0000097238 0.0021863870 0.0000280559
46           NA           NA 0.0800520425           NA           NA 0.0600181616           NA
47 0.0003291203 0.0000189032 0.0001643965 0.0008190959 0.0000159500 0.0020757420 0.0000956979
48 0.0002856006           NA 0.0001122890 0.0002546005           NA 0.0005873819 0.0004572558
49 0.0003578885 0.0000628028 0.0002434959 0.0004820127 0.0000258124 0.0016352383 0.0000439435
50           NA           NA 0.0223921675           NA           NA 0.0023026610           NA
51           NA           NA 0.0000539983           NA           NA 0.0008429438           NA
         Spec14
1            NA
2  0.0000003421
3  0.0000001019
4            NA
5            NA
6            NA
7  0.1505169786
8            NA
9            NA
10           NA
11 0.0000012248
12           NA
13           NA
14 0.3155059799
15           NA
16 0.0983969532
17 0.0000017364
18           NA
19 0.0000000283
20 0.0000001266
21 0.0000018129
22           NA
23 0.0526808005
24 0.3146165151
25           NA
26           NA
27           NA
28 0.0679708270
29           NA
30           NA
31           NA
32           NA
33 0.0000007618
34 0.0000002010
35           NA
36           NA
37 0.0000000000
38 0.0000464983
39           NA
40           NA
41           NA
42           NA
43 0.0000000214
44 0.0002581099
45 0.0000002612
46           NA
47 0.0000001881
48           NA
49 0.0000005308
50           NA
51           NA
